1
0
10
2
1
1
0
0
1
27
23
53
2
7
5
4
4
4
3
4
4
4
4
4
4
4
4
4
4
4
4
5
5
6
7
5
4
5
5
5
6
7
10
9
14
12
12
9
8
12
9
8
7
15
8
7
12
28
8
8
7
6
7
7
7
13
25
7
9
8
9
12
10
10
27
12
10
10
11
10
10
9
13
12
10
25
14
12
11
10
10
11
11
10
10
10
11
25
11
11
12
12
14
12
11
12
12
11
40
15
14
13
12
12
13
13
13
19
15
13
13
14
16
12
13
13
14
19
15
14
14
14
16
16
15
16
14
29
15
16
15
16
15
15
25
16
15
16
15
16
16
16
16
15
16
15
15
17
18
17
18
18
18
25
19
17
18
19
18
19
32
18
19
18
19
17
30
22
20
18
18
20
20
19
19
19
19
21
20
20
20
26
21
21
20
20
22
21
21
21
21
23
22
21
21
32
23
23
22
22
27
24
23
22
22
22
35
25
25
25
24
31
25
25
26
26
38
26
26
31
26
26
31
27
34
26
26
28
32
27
27
28
29
39
25
27
27
27
27
27
26
39
28
28
27
28
27
28
27
27
27
28
28
27
26
28
28
28
33
46
28
27
30
28
28
28
28
29
28
28
28
31
28
28
28
29
28
29
29
29
29
29
29
30
28
29
29
30
29
29
29
35
29
30
30
31
32
32
33
31
31
32
32
31
35
39
41
38
35
36
41
35
39
40
36
34
37
41
37
36
39
36
38
39
38
38
65
42
38
38
55
41
36
36
42
36
36
42
37
38
42
38
54
43
46
41
39
38
39
40
57
39
41
55
42
43
38
44
45
52
40
42
55
43
43
40
40
61
39
51
43
40
41
43
40
62
43
44
42
43
46
42
45
52
41
42
41
41
49
42
43
43
40
48
43
41
51
45
42
41
43
48
42
49
42
42
43
43
41
47
42
44
50
53
43
42
41
42
49
46
48
63
222
45
61
72
57
46
45
47
46
45
55
48
46
55
51
47
55
46
45
47
46
46
47
47
46
47
49
46
46
47
46
47
46
46
51
47
47
55
48
49
49
48
48
49
47
49
47
49
47
47
48
48
48
47
55
66
58
47
47
52
48
48
49
50
48
47
48
48
49
49
50
49
51
50
72
49
54
49
48
55
48
53
55
54
61
55
52
53
52
55
55
54
55
53
52
59
54
54
52
54
54
54
55
54
59
56
54
56
56
54
64
57
56
63
59
55
56
55
59
55
54
57
55
55
57
55
56
63
57
55
64
56
59
57
56
56
57
55
56
58
56
56
57
57
58
58
58
58
65
59
60
59
59
57
59
58
59
58
57
59
58
60
60
60
64
58
62
60
59
61
59
59
60
60
61
61
59
58
59
58
58
66
60
60
60
60
61
59
60
61
59
59
60
58
63
60
60
66
59
62
62
62
61
60
60
59
63
61
60
60
62
61
62
67
63
62
61
65
61
61
62
63
61
63
61
62
74
74
57
66
57
56
57
56
91
58
57
57
57
68
56
63
61
109
74
73
72
62
67
61
93
61
58
58
57
64
62
74
57
58
58
61
60
58
58
58
58
58
59
64
59
64
64
60
59
58
59
58
58
59
59
69
59
65
60
66
59
59
64
60
66
60
67
59
59
59
59
66
59
68
60
60
60
60
66
64
60
60
60
61
60
60
61
61
60
60
60
61
61
61
66
71
86
69
67
68
68
65
73
66
68
64
66
65
64
65
81
64
63
62
62
70
62
62
62
62
62
62
63
64
62
65
63
63
63
63
65
73
63
63
64
63
63
65
64
63
63
65
63
64
64
64
75
63
64
64
64
65
66
65
65
65
68
64
64
65
68
95
67
64
66
65
65
66
66
65
65
69
66
65
66
66
73
66
66
66
66
67
66
67
67
66
68
67
66
66
66
72
67
66
67
67
67
67
67
67
70
67
67
67
68
72
68
68
67
68
67
68
68
68
68
70
68
69
68
72
73
67
69
69
69
69
70
69
68
73
69
70
68
74
75
69
70
68
70
70
69
70
69
73
69
70
70
69
75
69
70
70
69
71
69
71
69
69
73
69
71
71
77
71
70
71
70
70
71
71
71
70
74
70
71
71
80
77
71
72
72
75
82
73
84
88
96
73
86
79
78
73
127
80
82
87
99
86
93
75
77
75
98
90
79
78
103
95
114
88
92
86
88
81
102
80
86
83
87
120
80
76
78
86
101
92
82
80
109
88
81
80
82
89
99
88
83
83
78
103
90
92
